sanhok
10101   10102	5.9
10101	10111	4.7
10101	10121	3.9
10102	10101	5.9
10102	10112	3.8
10102	10103	6.2
10103	10104	5.5
10103	10113	5.2
10103	10122	2.8
10103	10102	6.2
10104	10103	5.5
10104	10113	5.6
10104	10114	2.6
10104	10105	3.12
10105	10104	3.12
10105	10115	4.11
10105	10116	2.7
10106	10108	1.92
10106	10127	8.15
10106	10124	7.99
10107	10117	3.72
10107	10119	6
10108	10129	1.7
10108	10106	1.92
10109	10110	3
10109	10120	6.99
10110	10119	5.55
10110	10109	3
10111	10112	5.2
10111	10101	4.7
10112	10102	3.8
10112	10111	5.2
10112	10121	3.7
10112	10122	5.6
10112	10113	3.2
10113	10103	5.3
10113	10112	3.2
10113	10123	6.5
10113	10114	3
10113	10104	5.7
10114	10104	2.6
10114	10113	3
10114	10124	3.9
10114	10125	5.22
10115	10105	4.11
10115	10126	6.8
10116	10126	3.25
10116	10118	7.53
10116	10105	2.7
10117	10107	3.72
10117	10125	7.01
10117	10127	3.12
10118	10116	7.53
10118	10128	2.58
10119	10129	2.91
10119	10107	6
10119	10110	5.55
10120	10109	6.99
10120	10129	2.91
10121	10122	4.9
10121	10112	3.7
10121	10101	3.9
10122	10103	2.8
10122	10112	5.6
10122	10121	4.9
10123	10124	4.5
10123	10113	6.5
10123	10102	6.4
10124	10123	4.5
10124	10114	3.9
10124	10106	7.99
10125	10114	5.22
10125	10117	7.01
10125	10126	4.9
10126	10116	3.25
10126	10115	6.8
10126	10125	4.9
10127	10128	4.17
10127	10117	3.12
10127	10106	8.15
10128	10118	2.58
10128	10127	4.17
10129	10120	4.27
10129	10119	2.91
10129	10108	1.7
10130	10120	3.26
10201 10202 5.90
10201 10211 4.70
10201 10221 3.90
10202 10201 5.90
10202 10212 3.80
10202 10203 6.20
10203 10204 5.50
10203 10213 5.20
10203 10222 2.80
10203 10202 6.20
10204 10203 5.50
10204 10213 5.60
10204 10214 2.60
10204 10205 3.12
10205 10204 3.12
10205 10215 4.11
10205 10216 2.70
10206 10208 1.92
10206 10227 8.15
10206 10224 7.99
10207 10217 3.72
10207 10219 6.00
10208 10229 1.70
10208 10206 1.92
10209 10210 3.00
10209 10220 6.99
10210 10219 5.55
10210 10209 3.00
10211 10212 5.20
10211 10201 4.70
10212 10202 3.80
10212 10211 5.20
10212 10221 3.70
10212 10222 5.60
10212 10213 3.20
10213 10203 5.30
10213 10212 3.20
10213 10223 6.50
10213 10214 3.00
10213 10204 5.70
10214 10204 2.60
10214 10213 3.00
10214 10224 3.90
10214 10225 5.22
10215 10205 4.11
10215 10226 6.80
10216 10226 3.25
10216 10218 7.53
10216 10205 2.70
10217 10207 3.72
10217 10225 7.01
10217 10227 3.12
10218 10216 7.53
10218 10228 2.58
10219 10229 2.91
10219 10207 6.00
10219 10210 5.55
10220 10209 6.99
10220 10229 2.91
10221 10222 4.90
10221 10212 3.70
10221 10201 3.90
10222 10203 2.80
10222 10212 5.60
10222 10221 4.90
10223 10224 4.50
10223 10213 6.50
10223 10202 6.40
10224 10223 4.50
10224 10214 3.90
10224 10206 7.99
10225 10214 5.22
10225 10217 7.01
10225 10226 4.90
10226 10216 3.25
10226 10215 6.80
10226 10225 4.90
10227 10228 4.17
10227 10217 3.12
10227 10206 8.15
10228 10218 2.58
10228 10227 4.17
10229 10220 4.27
10229 10219 2.91
10229 10208 1.70
10230 10220 3.26
10301 10302 5.90
10301 10311 4.70
10301 10321 3.90
10302 10301 5.90
10302 10312 3.80
10302 10303 6.20
10303 10304 5.50
10303 10313 5.20
10303 10322 2.80
10303 10302 6.20
10304 10303 5.50
10304 10313 5.60
10304 10314 2.60
10304 10305 3.12
10305 10304 3.12
10305 10315 4.11
10305 10316 2.70
10306 10308 1.92
10306 10327 8.15
10306 10324 7.99
10307 10317 3.72
10307 10319 6.00
10308 10329 1.70
10308 10306 1.92
10309 10310 3.00
10309 10320 6.99
10310 10319 5.55
10310 10309 3.00
10311 10312 5.20
10311 10301 4.70
10312 10302 3.80
10312 10311 5.20
10312 10321 3.70
10312 10322 5.60
10312 10313 3.20
10313 10303 5.30
10313 10312 3.20
10313 10323 6.50
10313 10314 3.00
10313 10304 5.70
10314 10304 2.60
10314 10313 3.00
10314 10324 3.90
10314 10325 5.22
10315 10305 4.11
10315 10326 6.80
10316 10326 3.25
10316 10318 7.53
10316 10305 2.70
10317 10307 3.72
10317 10325 7.01
10317 10327 3.12
10318 10316 7.53
10318 10328 2.58
10319 10329 2.91
10319 10307 6.00
10319 10310 5.55
10320 10309 6.99
10320 10329 2.91
10321 10322 4.90
10321 10312 3.70
10321 10301 3.90
10322 10303 2.80
10322 10312 5.60
10322 10321 4.90
10323 10324 4.50
10323 10313 6.50
10323 10302 6.40
10324 10323 4.50
10324 10314 3.90
10324 10306 7.99
10325 10314 5.22
10325 10317 7.01
10325 10326 4.90
10326 10316 3.25
10326 10315 6.80
10326 10325 4.90
10327 10328 4.17
10327 10317 3.12
10327 10306 8.15
10328 10318 2.58
10328 10327 4.17
10329 10320 4.27
10329 10319 2.91
10329 10308 1.70
10330 10320 3.26
10401 10402 5.90
10401 10411 4.70
10401 10421 3.90
10402 10401 5.90
10402 10412 3.80
10402 10403 6.20
10403 10404 5.50
10403 10413 5.20
10403 10422 2.80
10403 10402 6.20
10404 10403 5.50
10404 10413 5.60
10404 10414 2.60
10404 10405 3.12
10405 10404 3.12
10405 10415 4.11
10405 10416 2.70
10406 10408 1.92
10406 10427 8.15
10406 10424 7.99
10407 10417 3.72
10407 10419 6.00
10408 10429 1.70
10408 10406 1.92
10409 10410 3.00
10409 10420 6.99
10410 10419 5.55
10410 10409 3.00
10411 10412 5.20
10411 10401 4.70
10412 10402 3.80
10412 10411 5.20
10412 10421 3.70
10412 10422 5.60
10412 10413 3.20
10413 10403 5.30
10413 10412 3.20
10413 10423 6.50
10413 10414 3.00
10413 10404 5.70
10414 10404 2.60
10414 10413 3.00
10414 10424 3.90
10414 10425 5.22
10415 10405 4.11
10415 10426 6.80
10416 10426 3.25
10416 10418 7.53
10416 10405 2.70
10417 10407 3.72
10417 10425 7.01
10417 10427 3.12
10418 10416 7.53
10418 10428 2.58
10419 10429 2.91
10419 10407 6.00
10419 10410 5.55
10420 10409 6.99
10420 10429 2.91
10421 10422 4.90
10421 10412 3.70
10421 10401 3.90
10422 10403 2.80
10422 10412 5.60
10422 10421 4.90
10423 10424 4.50
10423 10413 6.50
10423 10402 6.40
10424 10423 4.50
10424 10414 3.90
10424 10406 7.99
10425 10414 5.22
10425 10417 7.01
10425 10426 4.90
10426 10416 3.25
10426 10415 6.80
10426 10425 4.90
10427 10428 4.17
10427 10417 3.12
10427 10406 8.15
10428 10418 2.58
10428 10427 4.17
10429 10420 4.27
10429 10419 2.91
10429 10408 1.70
10430 10420 3.26
10501 10502 5.90
10501 10511 4.70
10501 10521 3.90
10502 10501 5.90
10502 10512 3.80
10502 10503 6.20
10503 10504 5.50
10503 10513 5.20
10503 10522 2.80
10503 10502 6.20
10504 10503 5.50
10504 10513 5.60
10504 10514 2.60
10504 10505 3.12
10505 10504 3.12
10505 10515 4.11
10505 10516 2.70
10506 10508 1.92
10506 10527 8.15
10506 10524 7.99
10507 10517 3.72
10507 10519 6.00
10508 10529 1.70
10508 10506 1.92
10509 10510 3.00
10509 10520 6.99
10510 10519 5.55
10510 10509 3.00
10511 10512 5.20
10511 10501 4.70
10512 10502 3.80
10512 10511 5.20
10512 10521 3.70
10512 10522 5.60
10512 10513 3.20
10513 10503 5.30
10513 10512 3.20
10513 10523 6.50
10513 10514 3.00
10513 10504 5.70
10514 10504 2.60
10514 10513 3.00
10514 10524 3.90
10514 10525 5.22
10515 10505 4.11
10515 10526 6.80
10516 10526 3.25
10516 10518 7.53
10516 10505 2.70
10517 10507 3.72
10517 10525 7.01
10517 10527 3.12
10518 10516 7.53
10518 10528 2.58
10519 10529 2.91
10519 10507 6.00
10519 10510 5.55
10520 10509 6.99
10520 10529 2.91
10521 10522 4.90
10521 10512 3.70
10521 10501 3.90
10522 10503 2.80
10522 10512 5.60
10522 10521 4.90
10523 10524 4.50
10523 10513 6.50
10523 10502 6.40
10524 10523 4.50
10524 10514 3.90
10524 10506 7.99
10525 10514 5.22
10525 10517 7.01
10525 10526 4.90
10526 10516 3.25
10526 10515 6.80
10526 10525 4.90
10527 10528 4.17
10527 10517 3.12
10527 10506 8.15
10528 10518 2.58
10528 10527 4.17
10529 10520 4.27
10529 10519 2.91
10529 10508 1.70
10530 10520 3.26
10601 10602 5.90
10601 10611 4.70
10601 10621 3.90
10602 10601 5.90
10602 10612 3.80
10602 10603 6.20
10603 10604 5.50
10603 10613 5.20
10603 10622 2.80
10603 10602 6.20
10604 10603 5.50
10604 10613 5.60
10604 10614 2.60
10604 10605 3.12
10605 10604 3.12
10605 10615 4.11
10605 10616 2.70
10606 10608 1.92
10606 10627 8.15
10606 10624 7.99
10607 10617 3.72
10607 10619 6.00
10608 10629 1.70
10608 10606 1.92
10609 10610 3.00
10609 10620 6.99
10610 10619 5.55
10610 10609 3.00
10611 10612 5.20
10611 10601 4.70
10612 10602 3.80
10612 10611 5.20
10612 10621 3.70
10612 10622 5.60
10612 10613 3.20
10613 10603 5.30
10613 10612 3.20
10613 10623 6.50
10613 10614 3.00
10613 10604 5.70
10614 10604 2.60
10614 10613 3.00
10614 10624 3.90
10614 10625 5.22
10615 10605 4.11
10615 10626 6.80
10616 10626 3.25
10616 10618 7.53
10616 10605 2.70
10617 10607 3.72
10617 10625 7.01
10617 10627 3.12
10618 10616 7.53
10618 10628 2.58
10619 10629 2.91
10619 10607 6.00
10619 10610 5.55
10620 10609 6.99
10620 10629 2.91
10621 10622 4.90
10621 10612 3.70
10621 10601 3.90
10622 10603 2.80
10622 10612 5.60
10622 10621 4.90
10623 10624 4.50
10623 10613 6.50
10623 10602 6.40
10624 10623 4.50
10624 10614 3.90
10624 10606 7.99
10625 10614 5.22
10625 10617 7.01
10625 10626 4.90
10626 10616 3.25
10626 10615 6.80
10626 10625 4.90
10627 10628 4.17
10627 10617 3.12
10627 10606 8.15
10628 10618 2.58
10628 10627 4.17
10629 10620 4.27
10629 10619 2.91
10629 10608 1.70
10630 10620 3.26
10701 10702 5.90
10701 10711 4.70
10701 10721 3.90
10702 10701 5.90
10702 10712 3.80
10702 10703 6.20
10703 10704 5.50
10703 10713 5.20
10703 10722 2.80
10703 10702 6.20
10704 10703 5.50
10704 10713 5.60
10704 10714 2.60
10704 10705 3.12
10705 10704 3.12
10705 10715 4.11
10705 10716 2.70
10706 10708 1.92
10706 10727 8.15
10706 10724 7.99
10707 10717 3.72
10707 10719 6.00
10708 10729 1.70
10708 10706 1.92
10709 10710 3.00
10709 10720 6.99
10710 10719 5.55
10710 10709 3.00
10711 10712 5.20
10711 10701 4.70
10712 10702 3.80
10712 10711 5.20
10712 10721 3.70
10712 10722 5.60
10712 10713 3.20
10713 10703 5.30
10713 10712 3.20
10713 10723 6.50
10713 10714 3.00
10713 10704 5.70
10714 10704 2.60
10714 10713 3.00
10714 10724 3.90
10714 10725 5.22
10715 10705 4.11
10715 10726 6.80
10716 10726 3.25
10716 10718 7.53
10716 10705 2.70
10717 10707 3.72
10717 10725 7.01
10717 10727 3.12
10718 10716 7.53
10718 10728 2.58
10719 10729 2.91
10719 10707 6.00
10719 10710 5.55
10720 10709 6.99
10720 10729 2.91
10721 10722 4.90
10721 10712 3.70
10721 10701 3.90
10722 10703 2.80
10722 10712 5.60
10722 10721 4.90
10723 10724 4.50
10723 10713 6.50
10723 10702 6.40
10724 10723 4.50
10724 10714 3.90
10724 10706 7.99
10725 10714 5.22
10725 10717 7.01
10725 10726 4.90
10726 10716 3.25
10726 10715 6.80
10726 10725 4.90
10727 10728 4.17
10727 10717 3.12
10727 10706 8.15
10728 10718 2.58
10728 10727 4.17
10729 10720 4.27
10729 10719 2.91
10729 10708 1.70
10730 10720 3.26
10801 10802 5.90
10801 10811 4.70
10801 10821 3.90
10802 10801 5.90
10802 10812 3.80
10802 10803 6.20
10803 10804 5.50
10803 10813 5.20
10803 10822 2.80
10803 10802 6.20
10804 10803 5.50
10804 10813 5.60
10804 10814 2.60
10804 10805 3.12
10805 10804 3.12
10805 10815 4.11
10805 10816 2.70
10806 10808 1.92
10806 10827 8.15
10806 10824 7.99
10807 10817 3.72
10807 10819 6.00
10808 10829 1.70
10808 10806 1.92
10809 10810 3.00
10809 10820 6.99
10810 10819 5.55
10810 10809 3.00
10811 10812 5.20
10811 10801 4.70
10812 10802 3.80
10812 10811 5.20
10812 10821 3.70
10812 10822 5.60
10812 10813 3.20
10813 10803 5.30
10813 10812 3.20
10813 10823 6.50
10813 10814 3.00
10813 10804 5.70
10814 10804 2.60
10814 10813 3.00
10814 10824 3.90
10814 10825 5.22
10815 10805 4.11
10815 10826 6.80
10816 10826 3.25
10816 10818 7.53
10816 10805 2.70
10817 10807 3.72
10817 10825 7.01
10817 10827 3.12
10818 10816 7.53
10818 10828 2.58
10819 10829 2.91
10819 10807 6.00
10819 10810 5.55
10820 10809 6.99
10820 10829 2.91
10821 10822 4.90
10821 10812 3.70
10821 10801 3.90
10822 10803 2.80
10822 10812 5.60
10822 10821 4.90
10823 10824 4.50
10823 10813 6.50
10823 10802 6.40
10824 10823 4.50
10824 10814 3.90
10824 10806 7.99
10825 10814 5.22
10825 10817 7.01
10825 10826 4.90
10826 10816 3.25
10826 10815 6.80
10826 10825 4.90
10827 10828 4.17
10827 10817 3.12
10827 10806 8.15
10828 10818 2.58
10828 10827 4.17
10829 10820 4.27
10829 10819 2.91
10829 10808 1.70
10830 10820 3.26
10901 10902 5.90
10901 10911 4.70
10901 10921 3.90
10902 10901 5.90
10902 10912 3.80
10902 10903 6.20
10903 10904 5.50
10903 10913 5.20
10903 10922 2.80
10903 10902 6.20
10904 10903 5.50
10904 10913 5.60
10904 10914 2.60
10904 10905 3.12
10905 10904 3.12
10905 10915 4.11
10905 10916 2.70
10906 10908 1.92
10906 10927 8.15
10906 10924 7.99
10907 10917 3.72
10907 10919 6.00
10908 10929 1.70
10908 10906 1.92
10909 10910 3.00
10909 10920 6.99
10910 10919 5.55
10910 10909 3.00
10911 10912 5.20
10911 10901 4.70
10912 10902 3.80
10912 10911 5.20
10912 10921 3.70
10912 10922 5.60
10912 10913 3.20
10913 10903 5.30
10913 10912 3.20
10913 10923 6.50
10913 10914 3.00
10913 10904 5.70
10914 10904 2.60
10914 10913 3.00
10914 10924 3.90
10914 10925 5.22
10915 10905 4.11
10915 10926 6.80
10916 10926 3.25
10916 10918 7.53
10916 10905 2.70
10917 10907 3.72
10917 10925 7.01
10917 10927 3.12
10918 10916 7.53
10918 10928 2.58
10919 10929 2.91
10919 10907 6.00
10919 10910 5.55
10920 10909 6.99
10920 10929 2.91
10921 10922 4.90
10921 10912 3.70
10921 10901 3.90
10922 10903 2.80
10922 10912 5.60
10922 10921 4.90
10923 10924 4.50
10923 10913 6.50
10923 10902 6.40
10924 10923 4.50
10924 10914 3.90
10924 10906 7.99
10925 10914 5.22
10925 10917 7.01
10925 10926 4.90
10926 10916 3.25
10926 10915 6.80
10926 10925 4.90
10927 10928 4.17
10927 10917 3.12
10927 10906 8.15
10928 10918 2.58
10928 10927 4.17
10929 10920 4.27
10929 10919 2.91
10929 10908 1.70
10930 10920 3.26
11001 11002 5.90
11001 11011 4.70
11001 11021 3.90
11002 11001 5.90
11002 11012 3.80
11002 11003 6.20
11003 11004 5.50
11003 11013 5.20
11003 11022 2.80
11003 11002 6.20
11004 11003 5.50
11004 11013 5.60
11004 11014 2.60
11004 11005 3.12
11005 11004 3.12
11005 11015 4.11
11005 11016 2.70
11006 11008 1.92
11006 11027 8.15
11006 11024 7.99
11007 11017 3.72
11007 11019 6.00
11008 11029 1.70
11008 11006 1.92
11009 11010 3.00
11009 11020 6.99
11010 11019 5.55
11010 11009 3.00
11011 11012 5.20
11011 11001 4.70
11012 11002 3.80
11012 11011 5.20
11012 11021 3.70
11012 11022 5.60
11012 11013 3.20
11013 11003 5.30
11013 11012 3.20
11013 11023 6.50
11013 11014 3.00
11013 11004 5.70
11014 11004 2.60
11014 11013 3.00
11014 11024 3.90
11014 11025 5.22
11015 11005 4.11
11015 11026 6.80
11016 11026 3.25
11016 11018 7.53
11016 11005 2.70
11017 11007 3.72
11017 11025 7.01
11017 11027 3.12
11018 11016 7.53
11018 11028 2.58
11019 11029 2.91
11019 11007 6.00
11019 11010 5.55
11020 11009 6.99
11020 11029 2.91
11021 11022 4.90
11021 11012 3.70
11021 11001 3.90
11022 11003 2.80
11022 11012 5.60
11022 11021 4.90
11023 11024 4.50
11023 11013 6.50
11023 11002 6.40
11024 11023 4.50
11024 11014 3.90
11024 11006 7.99
11025 11014 5.22
11025 11017 7.01
11025 11026 4.90
11026 11016 3.25
11026 11015 6.80
11026 11025 4.90
11027 11028 4.17
11027 11017 3.12
11027 11006 8.15
11028 11018 2.58
11028 11027 4.17
11029 11020 4.27
11029 11019 2.91
11029 11008 1.70
11030 11020 3.26
11101 11102 5.90
11101 11111 4.70
11101 11121 3.90
11102 11101 5.90
11102 11112 3.80
11102 11103 6.20
11103 11104 5.50
11103 11113 5.20
11103 11122 2.80
11103 11102 6.20
11104 11103 5.50
11104 11113 5.60
11104 11114 2.60
11104 11105 3.12
11105 11104 3.12
11105 11115 4.11
11105 11116 2.70
11106 11108 1.92
11106 11127 8.15
11106 11124 7.99
11107 11117 3.72
11107 11119 6.00
11108 11129 1.70
11108 11106 1.92
11109 11110 3.00
11109 11120 6.99
11110 11119 5.55
11110 11109 3.00
11111 11112 5.20
11111 11101 4.70
11112 11102 3.80
11112 11111 5.20
11112 11121 3.70
11112 11122 5.60
11112 11113 3.20
11113 11103 5.30
11113 11112 3.20
11113 11123 6.50
11113 11114 3.00
11113 11104 5.70
11114 11104 2.60
11114 11113 3.00
11114 11124 3.90
11114 11125 5.22
11115 11105 4.11
11115 11126 6.80
11116 11126 3.25
11116 11118 7.53
11116 11105 2.70
11117 11107 3.72
11117 11125 7.01
11117 11127 3.12
11118 11116 7.53
11118 11128 2.58
11119 11129 2.91
11119 11107 6.00
11119 11110 5.55
11120 11109 6.99
11120 11129 2.91
11121 11122 4.90
11121 11112 3.70
11121 11101 3.90
11122 11103 2.80
11122 11112 5.60
11122 11121 4.90
11123 11124 4.50
11123 11113 6.50
11123 11102 6.40
11124 11123 4.50
11124 11114 3.90
11124 11106 7.99
11125 11114 5.22
11125 11117 7.01
11125 11126 4.90
11126 11116 3.25
11126 11115 6.80
11126 11125 4.90
11127 11128 4.17
11127 11117 3.12
11127 11106 8.15
11128 11118 2.58
11128 11127 4.17
11129 11120 4.27
11129 11119 2.91
11129 11108 1.70
11130 11120 3.26
11201 11202 5.90
11201 11211 4.70
11201 11221 3.90
11202 11201 5.90
11202 11212 3.80
11202 11203 6.20
11203 11204 5.50
11203 11213 5.20
11203 11222 2.80
11203 11202 6.20
11204 11203 5.50
11204 11213 5.60
11204 11214 2.60
11204 11205 3.12
11205 11204 3.12
11205 11215 4.11
11205 11216 2.70
11206 11208 1.92
11206 11227 8.15
11206 11224 7.99
11207 11217 3.72
11207 11219 6.00
11208 11229 1.70
11208 11206 1.92
11209 11210 3.00
11209 11220 6.99
11210 11219 5.55
11210 11209 3.00
11211 11212 5.20
11211 11201 4.70
11212 11202 3.80
11212 11211 5.20
11212 11221 3.70
11212 11222 5.60
11212 11213 3.20
11213 11203 5.30
11213 11212 3.20
11213 11223 6.50
11213 11214 3.00
11213 11204 5.70
11214 11204 2.60
11214 11213 3.00
11214 11224 3.90
11214 11225 5.22
11215 11205 4.11
11215 11226 6.80
11216 11226 3.25
11216 11218 7.53
11216 11205 2.70
11217 11207 3.72
11217 11225 7.01
11217 11227 3.12
11218 11216 7.53
11218 11228 2.58
11219 11229 2.91
11219 11207 6.00
11219 11210 5.55
11220 11209 6.99
11220 11229 2.91
11221 11222 4.90
11221 11212 3.70
11221 11201 3.90
11222 11203 2.80
11222 11212 5.60
11222 11221 4.90
11223 11224 4.50
11223 11213 6.50
11223 11202 6.40
11224 11223 4.50
11224 11214 3.90
11224 11206 7.99
11225 11214 5.22
11225 11217 7.01
11225 11226 4.90
11226 11216 3.25
11226 11215 6.80
11226 11225 4.90
11227 11228 4.17
11227 11217 3.12
11227 11206 8.15
11228 11218 2.58
11228 11227 4.17
11229 11220 4.27
11229 11219 2.91
11229 11208 1.70
11230 11220 3.26
11301 11302 5.90
11301 11311 4.70
11301 11321 3.90
11302 11301 5.90
11302 11312 3.80
11302 11303 6.20
11303 11304 5.50
11303 11313 5.20
11303 11322 2.80
11303 11302 6.20
11304 11303 5.50
11304 11313 5.60
11304 11314 2.60
11304 11305 3.12
11305 11304 3.12
11305 11315 4.11
11305 11316 2.70
11306 11308 1.92
11306 11327 8.15
11306 11324 7.99
11307 11317 3.72
11307 11319 6.00
11308 11329 1.70
11308 11306 1.92
11309 11310 3.00
11309 11320 6.99
11310 11319 5.55
11310 11309 3.00
11311 11312 5.20
11311 11301 4.70
11312 11302 3.80
11312 11311 5.20
11312 11321 3.70
11312 11322 5.60
11312 11313 3.20
11313 11303 5.30
11313 11312 3.20
11313 11323 6.50
11313 11314 3.00
11313 11304 5.70
11314 11304 2.60
11314 11313 3.00
11314 11324 3.90
11314 11325 5.22
11315 11305 4.11
11315 11326 6.80
11316 11326 3.25
11316 11318 7.53
11316 11305 2.70
11317 11307 3.72
11317 11325 7.01
11317 11327 3.12
11318 11316 7.53
11318 11328 2.58
11319 11329 2.91
11319 11307 6.00
11319 11310 5.55
11320 11309 6.99
11320 11329 2.91
11321 11322 4.90
11321 11312 3.70
11321 11301 3.90
11322 11303 2.80
11322 11312 5.60
11322 11321 4.90
11323 11324 4.50
11323 11313 6.50
11323 11302 6.40
11324 11323 4.50
11324 11314 3.90
11324 11306 7.99
11325 11314 5.22
11325 11317 7.01
11325 11326 4.90
11326 11316 3.25
11326 11315 6.80
11326 11325 4.90
11327 11328 4.17
11327 11317 3.12
11327 11306 8.15
11328 11318 2.58
11328 11327 4.17
11329 11320 4.27
11329 11319 2.91
11329 11308 1.70
11330 11320 3.26
11401 11402 5.90
11401 11411 4.70
11401 11421 3.90
11402 11401 5.90
11402 11412 3.80
11402 11403 6.20
11403 11404 5.50
11403 11413 5.20
11403 11422 2.80
11403 11402 6.20
11404 11403 5.50
11404 11413 5.60
11404 11414 2.60
11404 11405 3.12
11405 11404 3.12
11405 11415 4.11
11405 11416 2.70
11406 11408 1.92
11406 11427 8.15
11406 11424 7.99
11407 11417 3.72
11407 11419 6.00
11408 11429 1.70
11408 11406 1.92
11409 11410 3.00
11409 11420 6.99
11410 11419 5.55
11410 11409 3.00
11411 11412 5.20
11411 11401 4.70
11412 11402 3.80
11412 11411 5.20
11412 11421 3.70
11412 11422 5.60
11412 11413 3.20
11413 11403 5.30
11413 11412 3.20
11413 11423 6.50
11413 11414 3.00
11413 11404 5.70
11414 11404 2.60
11414 11413 3.00
11414 11424 3.90
11414 11425 5.22
11415 11405 4.11
11415 11426 6.80
11416 11426 3.25
11416 11418 7.53
11416 11405 2.70
11417 11407 3.72
11417 11425 7.01
11417 11427 3.12
11418 11416 7.53
11418 11428 2.58
11419 11429 2.91
11419 11407 6.00
11419 11410 5.55
11420 11409 6.99
11420 11429 2.91
11421 11422 4.90
11421 11412 3.70
11421 11401 3.90
11422 11403 2.80
11422 11412 5.60
11422 11421 4.90
11423 11424 4.50
11423 11413 6.50
11423 11402 6.40
11424 11423 4.50
11424 11414 3.90
11424 11406 7.99
11425 11414 5.22
11425 11417 7.01
11425 11426 4.90
11426 11416 3.25
11426 11415 6.80
11426 11425 4.90
11427 11428 4.17
11427 11417 3.12
11427 11406 8.15
11428 11418 2.58
11428 11427 4.17
11429 11420 4.27
11429 11419 2.91
11429 11408 1.70
11430 11420 3.26
11501 11502 5.90
11501 11511 4.70
11501 11521 3.90
11502 11501 5.90
11502 11512 3.80
11502 11503 6.20
11503 11504 5.50
11503 11513 5.20
11503 11522 2.80
11503 11502 6.20
11504 11503 5.50
11504 11513 5.60
11504 11514 2.60
11504 11505 3.12
11505 11504 3.12
11505 11515 4.11
11505 11516 2.70
11506 11508 1.92
11506 11527 8.15
11506 11524 7.99
11507 11517 3.72
11507 11519 6.00
11508 11529 1.70
11508 11506 1.92
11509 11510 3.00
11509 11520 6.99
11510 11519 5.55
11510 11509 3.00
11511 11512 5.20
11511 11501 4.70
11512 11502 3.80
11512 11511 5.20
11512 11521 3.70
11512 11522 5.60
11512 11513 3.20
11513 11503 5.30
11513 11512 3.20
11513 11523 6.50
11513 11514 3.00
11513 11504 5.70
11514 11504 2.60
11514 11513 3.00
11514 11524 3.90
11514 11525 5.22
11515 11505 4.11
11515 11526 6.80
11516 11526 3.25
11516 11518 7.53
11516 11505 2.70
11517 11507 3.72
11517 11525 7.01
11517 11527 3.12
11518 11516 7.53
11518 11528 2.58
11519 11529 2.91
11519 11507 6.00
11519 11510 5.55
11520 11509 6.99
11520 11529 2.91
11521 11522 4.90
11521 11512 3.70
11521 11501 3.90
11522 11503 2.80
11522 11512 5.60
11522 11521 4.90
11523 11524 4.50
11523 11513 6.50
11523 11502 6.40
11524 11523 4.50
11524 11514 3.90
11524 11506 7.99
11525 11514 5.22
11525 11517 7.01
11525 11526 4.90
11526 11516 3.25
11526 11515 6.80
11526 11525 4.90
11527 11528 4.17
11527 11517 3.12
11527 11506 8.15
11528 11518 2.58
11528 11527 4.17
11529 11520 4.27
11529 11519 2.91
11529 11508 1.70
11530 11520 3.26
11601 11602 5.90
11601 11611 4.70
11601 11621 3.90
11602 11601 5.90
11602 11612 3.80
11602 11603 6.20
11603 11604 5.50
11603 11613 5.20
11603 11622 2.80
11603 11602 6.20
11604 11603 5.50
11604 11613 5.60
11604 11614 2.60
11604 11605 3.12
11605 11604 3.12
11605 11615 4.11
11605 11616 2.70
11606 11608 1.92
11606 11627 8.15
11606 11624 7.99
11607 11617 3.72
11607 11619 6.00
11608 11629 1.70
11608 11606 1.92
11609 11610 3.00
11609 11620 6.99
11610 11619 5.55
11610 11609 3.00
11611 11612 5.20
11611 11601 4.70
11612 11602 3.80
11612 11611 5.20
11612 11621 3.70
11612 11622 5.60
11612 11613 3.20
11613 11603 5.30
11613 11612 3.20
11613 11623 6.50
11613 11614 3.00
11613 11604 5.70
11614 11604 2.60
11614 11613 3.00
11614 11624 3.90
11614 11625 5.22
11615 11605 4.11
11615 11626 6.80
11616 11626 3.25
11616 11618 7.53
11616 11605 2.70
11617 11607 3.72
11617 11625 7.01
11617 11627 3.12
11618 11616 7.53
11618 11628 2.58
11619 11629 2.91
11619 11607 6.00
11619 11610 5.55
11620 11609 6.99
11620 11629 2.91
11621 11622 4.90
11621 11612 3.70
11621 11601 3.90
11622 11603 2.80
11622 11612 5.60
11622 11621 4.90
11623 11624 4.50
11623 11613 6.50
11623 11602 6.40
11624 11623 4.50
11624 11614 3.90
11624 11606 7.99
11625 11614 5.22
11625 11617 7.01
11625 11626 4.90
11626 11616 3.25
11626 11615 6.80
11626 11625 4.90
11627 11628 4.17
11627 11617 3.12
11627 11606 8.15
11628 11618 2.58
11628 11627 4.17
11629 11620 4.27
11629 11619 2.91
11629 11608 1.70
11630 11620 3.26
10103	10313	5.22
10103	10223	7.92
10103	10719	19.73
10113	10301	6.23
10113	10217	11.72
10113	10305	12.35
10126	10313	14.76
10126	10301	6.23
10305	10113	12.35
10305	10423	17.71
10305	10506	12.23
10313	10103	5.22
10313	10126	14.76
10313	10409	7.33
10301	10113	6.23
10301	10126	9.21
10301	10217	6.45
10217	10113	11.72
10217	10301	6.45
10223	10103	7.92
10223	10809	17.77
10223	10629	13.7
10227	10612	5.2
10227	10602	19.2
10227	10409	8.65
10409	10313	7.33
10409	10506	7.56
10409	10227	8.65
10409	10612	16.5
10423	10305	17.71
10423	10602	12.95
10423	10812	8.75
10506	10409	7.56
10506	10629	11.9
10506	10305	12.23
10513	10809	5.23
10513	10629	3.21
10513	10909	15.9
10629	10513	3.21
10629	10223	13.7
10629	10506	11.9
10612	10227	5.2
10612	10409	16.5
10612	10527	19.9
10602	10227	19.2
10602	10423	12.95
10602	10419	4.92
10419	10602	4.92
10419	10712	6.99
10419	10909	8.09
10726	10812	6.29
10726	11027	8.95
10726	10929	12.09
10812	10726	6.29
10812	10527	9.5
10812	10423	8.75
10712	10419	6.99
10712	10909	12.2
10712	11005	9.75
10909	10712	12.2
10909	10419	8.09
10909	10513	15.9
10823	11027	6.5
10823	10719	18.9
10527	10612	19.9
10527	10812	9.5
10527	10919	8.55
10719	10103	19.73
10719	10823	18.9
10719	11112	6.8
10919	10809	7.3
10919	10527	8.55
10919	11112	19.3
11027	10726	8.95
11027	10823	6.5
11027	11428	13.09
10929	10726	12.09
10929	11022	3
10929	11203	10.05
11112	10719	6.8
11112	11005	19.6
11112	10919	19.3
11022	10929	3
11022	11223	4.92
11022	11203	16.5
11106	11123	12.22
11106	11322	8.5
11106	11406	6.05
11322	11106	8.5
11322	11513	6.21
11322	11203	6.93
11203	11322	6.93
11203	10929	10.05
11203	11022	16.5
11126	11502	10.05
11126	11312	6.92
11126	11513	9.29
11223	11312	8.24
11223	11022	4.92
11223	11106	12.22
11213	11418	16.9
11213	11502	8.95
11213	11513	14.2
11312	11502	12.8
11312	11126	6.92
11312	11123	8.24
11308	11525	9.25
11308	11428	17.56
11308	11005	15.37
11406	11513	18.95
11406	11106	6.05
11502	11213	8.95
11502	11126	10.05
11502	11312	12.8
11513	11406	18.95
11513	11213	14.2
11513	11126	9.29
11513	11322	6.21
11428	11027	13.09
11428	11525	9
11428	11308	17.56
11418	11213	16.9
11418	11525	5.76
11525	11418	5.76
11525	11308	9.25
11525	11428	9